1800
1:01 0 0 0 00 00 00 00 00 00 00 00 00 00 00 00 00
2:01 2 1 1 00 00 00 00 00 00 00 00 00 00 00 00 00
3:01 4 2 2 00 00 00 00 00 00 00 00 00 00 00 00 00
4:01 6 3 3 00 00 00 00 00 00 00 00 00 00 00 00 00
5:01 8 4 4 00 00 00 00 00 00 00 00 00 00 00 00 00
6:01 10 5 5 00 00 00 00 00 00 00 00 00 00 00 00 00
7:01 12 6 6 00 00 00 00 00 00 00 00 00 00 00 00 00
8:01 14 7 7 00 00 00 00 00 00 00 00 00 00 00 00 00
9:01 16 8 8 00 00 00 00 00 00 00 00 00 00 00 00 00
10:01 18 9 9 00 00 00 00 00 00 00 00 00 00 00 00 00
11:01 20 10 10 00 00 00 00 00 00 00 00 00 00 00 00 00
12:01 22 11 11 00 00 00 00 00 00 00 00 00 00 00 00 00
13:01 24 12 12 00 00 00 00 00 00 00 00 00 00 00 00 00
14:01 26 13 13 00 00 00 00 00 00 00 00 00 00 00 00 00
15:01 28 14 14 00 00 00 00 00 00 00 00 00 00 00 00 00
16:01 30 15 15 00 00 00 00 00 00 00 00 00 00 00 00 00
17:01 32 16 16 00 00 00 00 00 00 00 00 00 00 00 00 00
18:01 34 17 17 00 00 00 00 00 00 00 00 00 00 00 00 00
19:01 36 18 18 00 00 00 00 00 00 00 00 00 00 00 00 00
20:01 38 19 19 00 00 00 00 00 00 00 00 00 00 00 00 00
21:01 40 20 20 00 00 00 00 00 00 00 00 00 00 00 00 00
22:01 42 21 21 00 00 00 00 00 00 00 00 00 00 00 00 00
23:01 44 22 22 00 00 00 00 00 00 00 00 00 00 00 00 00
24:01 46 23 23 00 00 00 00 00 00 00 00 00 00 00 00 00
25:01 48 24 24 00 00 00 00 00 00 00 00 00 00 00 00 00
26:01 50 25 25 00 00 00 00 00 00 00 00 00 00 00 00 00
27:01 52 26 26 00 00 00 00 00 00 00 00 00 00 00 00 00
28:01 54 27 27 00 00 00 00 00 00 00 00 00 00 00 00 00
29:01 56 28 28 00 00 00 00 00 00 00 00 00 00 00 00 00
30:01 58 29 29 00 00 00 00 00 00 00 00 00 00 00 00 00
31:01 60 30 30 00 00 00 00 00 00 00 00 00 00 00 00 00
32:01 62 31 31 00 00 00 00 00 00 00 00 00 00 00 00 00
33:01 64 32 32 00 00 00 00 00 00 00 00 00 00 00 00 00
34:01 66 33 33 00 00 00 00 00 00 00 00 00 00 00 00 00
35:01 68 34 34 00 00 00 00 00 00 00 00 00 00 00 00 00
36:01 70 35 35 00 00 00 00 00 00 00 00 00 00 00 00 00
37:01 72 36 36 00 00 00 00 00 00 00 00 00 00 00 00 00
38:01 74 37 37 00 00 00 00 00 00 00 00 00 00 00 00 00
39:01 76 38 38 00 00 00 00 00 00 00 00 00 00 00 00 00
40:01 78 39 39 00 00 00 00 00 00 00 00 00 00 00 00 00
41:01 80 40 40 00 00 00 00 00 00 00 00 00 00 00 00 00
42:01 82 41 41 00 00 00 00 00 00 00 00 00 00 00 00 00
43:01 84 42 42 00 00 00 00 00 00 00 00 00 00 00 00 00
44:01 86 43 43 00 00 00 00 00 00 00 00 00 00 00 00 00
45:01 88 44 44 00 00 00 00 00 00 00 00 00 00 00 00 00
46:01 90 45 45 00 00 00 00 00 00 00 00 00 00 00 00 00
47:01 92 46 46 00 00 00 00 00 00 00 00 00 00 00 00 00
48:01 94 47 47 00 00 00 00 00 00 00 00 00 00 00 00 00
49:01 96 48 48 00 00 00 00 00 00 00 00 00 00 00 00 00
50:01 98 49 49 00 00 00 00 00 00 00 00 00 00 00 00 00
51:01 100 50 50 00 00 00 00 00 00 00 00 00 00 00 00 00
52:01 102 51 51 00 00 00 00 00 00 00 00 00 00 00 00 00
53:01 104 52 52 00 00 00 00 00 00 00 00 00 00 00 00 00
54:01 106 53 53 00 00 00 00 00 00 00 00 00 00 00 00 00
55:01 108 54 54 00 00 00 00 00 00 00 00 00 00 00 00 00
56:01 110 55 55 00 00 00 00 00 00 00 00 00 00 00 00 00
57:01 112 56 56 00 00 00 00 00 00 00 00 00 00 00 00 00
58:01 114 57 57 00 00 00 00 00 00 00 00 00 00 00 00 00
59:01 116 58 58 00 00 00 00 00 00 00 00 00 00 00 00 00
60:01 118 59 59 00 00 00 00 00 00 00 00 00 00 00 00 00
61:01 120 60 60 00 00 00 00 00 00 00 00 00 00 00 00 00
62:01 122 61 61 00 00 00 00 00 00 00 00 00 00 00 00 00
63:01 124 62 62 00 00 00 00 00 00 00 00 00 00 00 00 00
64:01 126 63 63 00 00 00 00 00 00 00 00 00 00 00 00 00
65:01 128 64 64 00 00 00 00 00 00 00 00 00 00 00 00 00
66:01 130 65 65 00 00 00 00 00 00 00 00 00 00 00 00 00
67:01 132 66 66 00 00 00 00 00 00 00 00 00 00 00 00 00
68:01 134 67 67 00 00 00 00 00 00 00 00 00 00 00 00 00
69:01 136 68 68 00 00 00 00 00 00 00 00 00 00 00 00 00
70:01 138 69 69 00 00 00 00 00 00 00 00 00 00 00 00 00
71:01 140 70 70 00 00 00 00 00 00 00 00 00 00 00 00 00
72:01 142 71 71 00 00 00 00 00 00 00 00 00 00 00 00 00
73:01 144 72 72 00 00 00 00 00 00 00 00 00 00 00 00 00
74:01 146 73 73 00 00 00 00 00 00 00 00 00 00 00 00 00
75:01 148 74 74 00 00 00 00 00 00 00 00 00 00 00 00 00
76:01 150 75 75 00 00 00 00 00 00 00 00 00 00 00 00 00
77:01 152 76 76 00 00 00 00 00 00 00 00 00 00 00 00 00
78:01 154 77 77 00 00 00 00 00 00 00 00 00 00 00 00 00
79:01 156 78 78 00 00 00 00 00 00 00 00 00 00 00 00 00
80:01 158 79 79 00 00 00 00 00 00 00 00 00 00 00 00 00
81:01 160 80 80 00 00 00 00 00 00 00 00 00 00 00 00 00
82:01 0 0 0 00 00 00 00 00 00 00 00 00 00 00 00 00
83:01 2 2 2 00 00 00 00 00 00 00 00 00 00 00 00 00
84:01 4 4 4 00 00 00 00 00 00 00 00 00 00 00 00 00
85:01 6 6 6 00 00 00 00 00 00 00 00 00 00 00 00 00
86:01 8 8 8 00 00 00 00 00 00 00 00 00 00 00 00 00
87:01 10 10 10 00 00 00 00 00 00 00 00 00 00 00 00 00
88:01 12 12 12 00 00 00 00 00 00 00 00 00 00 00 00 00
89:01 14 14 14 00 00 00 00 00 00 00 00 00 00 00 00 00
90:01 16 16 16 00 00 00 00 00 00 00 00 00 00 00 00 00
91:01 18 18 18 00 00 00 00 00 00 00 00 00 00 00 00 00
92:01 20 20 20 00 00 00 00 00 00 00 00 00 00 00 00 00
93:01 22 22 22 00 00 00 00 00 00 00 00 00 00 00 00 00
94:01 24 24 24 00 00 00 00 00 00 00 00 00 00 00 00 00
95:01 26 26 26 00 00 00 00 00 00 00 00 00 00 00 00 00
96:01 28 28 28 00 00 00 00 00 00 00 00 00 00 00 00 00
97:01 30 30 30 00 00 00 00 00 00 00 00 00 00 00 00 00
98:01 32 32 32 00 00 00 00 00 00 00 00 00 00 00 00 00
99:01 34 34 34 00 00 00 00 00 00 00 00 00 00 00 00 00
100:01 36 36 36 00 00 00 00 00 00 00 00 00 00 00 00 00
101:01 38 38 38 00 00 00 00 00 00 00 00 00 00 00 00 00
102:01 40 40 40 00 00 00 00 00 00 00 00 00 00 00 00 00
103:01 42 42 42 00 00 00 00 00 00 00 00 00 00 00 00 00
104:01 44 44 44 00 00 00 00 00 00 00 00 00 00 00 00 00
105:01 46 46 46 00 00 00 00 00 00 00 00 00 00 00 00 00
106:01 48 48 48 00 00 00 00 00 00 00 00 00 00 00 00 00
107:01 50 50 50 00 00 00 00 00 00 00 00 00 00 00 00 00
108:01 52 52 52 00 00 00 00 00 00 00 00 00 00 00 00 00
109:01 54 54 54 00 00 00 00 00 00 00 00 00 00 00 00 00
110:01 56 56 56 00 00 00 00 00 00 00 00 00 00 00 00 00
111:01 58 58 58 00 00 00 00 00 00 00 00 00 00 00 00 00
112:01 60 60 60 00 00 00 00 00 00 00 00 00 00 00 00 00
113:01 62 62 62 00 00 00 00 00 00 00 00 00 00 00 00 00
114:01 64 64 64 00 00 00 00 00 00 00 00 00 00 00 00 00
115:01 66 66 66 00 00 00 00 00 00 00 00 00 00 00 00 00
116:01 68 68 68 00 00 00 00 00 00 00 00 00 00 00 00 00
117:01 70 70 70 00 00 00 00 00 00 00 00 00 00 00 00 00
118:01 72 72 72 00 00 00 00 00 00 00 00 00 00 00 00 00
119:01 74 74 74 00 00 00 00 00 00 00 00 00 00 00 00 00
120:01 76 76 76 00 00 00 00 00 00 00 00 00 00 00 00 00
121:01 78 78 78 00 00 00 00 00 00 00 00 00 00 00 00 00
122:01 80 80 80 00 00 00 00 00 00 00 00 00 00 00 00 00
123:01 82 82 82 00 00 00 00 00 00 00 00 00 00 00 00 00
124:01 84 84 84 00 00 00 00 00 00 00 00 00 00 00 00 00
125:01 86 86 86 00 00 00 00 00 00 00 00 00 00 00 00 00
126:01 88 88 88 00 00 00 00 00 00 00 00 00 00 00 00 00
127:01 90 90 90 00 00 00 00 00 00 00 00 00 00 00 00 00
128:01 92 92 92 00 00 00 00 00 00 00 00 00 00 00 00 00
129:01 94 94 94 00 00 00 00 00 00 00 00 00 00 00 00 00
130:01 96 96 96 00 00 00 00 00 00 00 00 00 00 00 00 00
131:01 98 98 98 00 00 00 00 00 00 00 00 00 00 00 00 00
132:01 100 100 100 00 00 00 00 00 00 00 00 00 00 00 00 00
133:01 102 102 102 00 00 00 00 00 00 00 00 00 00 00 00 00
134:01 104 104 104 00 00 00 00 00 00 00 00 00 00 00 00 00
135:01 106 106 106 00 00 00 00 00 00 00 00 00 00 00 00 00
136:01 108 108 108 00 00 00 00 00 00 00 00 00 00 00 00 00
137:01 110 110 110 00 00 00 00 00 00 00 00 00 00 00 00 00
138:01 112 112 112 00 00 00 00 00 00 00 00 00 00 00 00 00
139:01 114 114 114 00 00 00 00 00 00 00 00 00 00 00 00 00
140:01 116 116 116 00 00 00 00 00 00 00 00 00 00 00 00 00
141:01 118 118 118 00 00 00 00 00 00 00 00 00 00 00 00 00
142:01 120 120 120 00 00 00 00 00 00 00 00 00 00 00 00 00
143:01 122 122 122 00 00 00 00 00 00 00 00 00 00 00 00 00
144:01 124 124 124 00 00 00 00 00 00 00 00 00 00 00 00 00
145:01 126 126 126 00 00 00 00 00 00 00 00 00 00 00 00 00
146:01 128 128 128 00 00 00 00 00 00 00 00 00 00 00 00 00
147:01 130 130 130 00 00 00 00 00 00 00 00 00 00 00 00 00
148:01 132 132 132 00 00 00 00 00 00 00 00 00 00 00 00 00
149:01 0 0 0 00 00 00 00 00 00 00 00 00 00 00 00 00
151:01 0 0 0 00 00 00 00 00 00 00 00 00 00 00 00 00
152:01 1 2 0 00 00 00 00 00 00 00 00 00 00 00 00 00
153:01 2 4 0 00 00 00 00 00 00 00 00 00 00 00 00 00
154:01 3 6 0 00 00 00 00 00 00 00 00 00 00 00 00 00
155:01 4 8 0 00 00 00 00 00 00 00 00 00 00 00 00 00
156:01 5 10 0 00 00 00 00 00 00 00 00 00 00 00 00 00
157:01 6 12 0 00 00 00 00 00 00 00 00 00 00 00 00 00
158:01 7 14 0 00 00 00 00 00 00 00 00 00 00 00 00 00
159:01 8 16 0 00 00 00 00 00 00 00 00 00 00 00 00 00
160:01 9 18 0 00 00 00 00 00 00 00 00 00 00 00 00 00
161:01 10 20 0 00 00 00 00 00 00 00 00 00 00 00 00 00
162:01 11 22 0 00 00 00 00 00 00 00 00 00 00 00 00 00
163:01 12 24 0 00 00 00 00 00 00 00 00 00 00 00 00 00
164:01 13 26 0 00 00 00 00 00 00 00 00 00 00 00 00 00
165:01 14 28 0 00 00 00 00 00 00 00 00 00 00 00 00 00
166:01 15 30 0 00 00 00 00 00 00 00 00 00 00 00 00 00
167:01 16 32 0 00 00 00 00 00 00 00 00 00 00 00 00 00
168:01 17 34 0 00 00 00 00 00 00 00 00 00 00 00 00 00
169:01 18 36 0 00 00 00 00 00 00 00 00 00 00 00 00 00
170:01 19 38 0 00 00 00 00 00 00 00 00 00 00 00 00 00
171:01 20 40 0 00 00 00 00 00 00 00 00 00 00 00 00 00
172:01 21 42 0 00 00 00 00 00 00 00 00 00 00 00 00 00
173:01 22 44 0 00 00 00 00 00 00 00 00 00 00 00 00 00
174:01 23 46 0 00 00 00 00 00 00 00 00 00 00 00 00 00
175:01 24 48 0 00 00 00 00 00 00 00 00 00 00 00 00 00
176:01 25 50 0 00 00 00 00 00 00 00 00 00 00 00 00 00
177:01 26 52 0 00 00 00 00 00 00 00 00 00 00 00 00 00
178:01 27 54 0 00 00 00 00 00 00 00 00 00 00 00 00 00
179:01 28 56 0 00 00 00 00 00 00 00 00 00 00 00 00 00
180:01 29 58 0 00 00 00 00 00 00 00 00 00 00 00 00 00
181:01 30 60 0 00 00 00 00 00 00 00 00 00 00 00 00 00
182:01 31 62 0 00 00 00 00 00 00 00 00 00 00 00 00 00
183:01 32 64 0 00 00 00 00 00 00 00 00 00 00 00 00 00
184:01 33 66 0 00 00 00 00 00 00 00 00 00 00 00 00 00
185:01 34 68 0 00 00 00 00 00 00 00 00 00 00 00 00 00
186:01 35 70 0 00 00 00 00 00 00 00 00 00 00 00 00 00
187:01 36 72 0 00 00 00 00 00 00 00 00 00 00 00 00 00
188:01 37 74 0 00 00 00 00 00 00 00 00 00 00 00 00 00
189:01 38 76 0 00 00 00 00 00 00 00 00 00 00 00 00 00
190:01 39 78 0 00 00 00 00 00 00 00 00 00 00 00 00 00
191:01 40 80 0 00 00 00 00 00 00 00 00 00 00 00 00 00
192:01 41 82 0 00 00 00 00 00 00 00 00 00 00 00 00 00
193:01 42 84 0 00 00 00 00 00 00 00 00 00 00 00 00 00
194:01 43 86 0 00 00 00 00 00 00 00 00 00 00 00 00 00
195:01 44 88 0 00 00 00 00 00 00 00 00 00 00 00 00 00
196:01 45 90 0 00 00 00 00 00 00 00 00 00 00 00 00 00
197:01 46 92 0 00 00 00 00 00 00 00 00 00 00 00 00 00
198:01 47 94 0 00 00 00 00 00 00 00 00 00 00 00 00 00
199:01 48 96 0 00 00 00 00 00 00 00 00 00 00 00 00 00
200:01 49 98 0 00 00 00 00 00 00 00 00 00 00 00 00 00
201:01 50 100 0 00 00 00 00 00 00 00 00 00 00 00 00 00
202:01 51 102 0 00 00 00 00 00 00 00 00 00 00 00 00 00
203:01 52 104 0 00 00 00 00 00 00 00 00 00 00 00 00 00
204:01 53 106 0 00 00 00 00 00 00 00 00 00 00 00 00 00
205:01 54 108 0 00 00 00 00 00 00 00 00 00 00 00 00 00
206:01 55 110 0 00 00 00 00 00 00 00 00 00 00 00 00 00
207:01 56 112 0 00 00 00 00 00 00 00 00 00 00 00 00 00
208:01 57 114 0 00 00 00 00 00 00 00 00 00 00 00 00 00
209:01 58 116 0 00 00 00 00 00 00 00 00 00 00 00 00 00
210:01 59 118 0 00 00 00 00 00 00 00 00 00 00 00 00 00
211:01 60 120 0 00 00 00 00 00 00 00 00 00 00 00 00 00
212:01 61 122 0 00 00 00 00 00 00 00 00 00 00 00 00 00
213:01 62 124 0 00 00 00 00 00 00 00 00 00 00 00 00 00
214:01 63 126 0 00 00 00 00 00 00 00 00 00 00 00 00 00
215:01 64 128 0 00 00 00 00 00 00 00 00 00 00 00 00 00
216:01 65 130 0 00 00 00 00 00 00 00 00 00 00 00 00 00
217:01 66 132 0 00 00 00 00 00 00 00 00 00 00 00 00 00
218:01 67 134 0 00 00 00 00 00 00 00 00 00 00 00 00 00
219:01 68 136 0 00 00 00 00 00 00 00 00 00 00 00 00 00
220:01 69 138 0 00 00 00 00 00 00 00 00 00 00 00 00 00
221:01 70 140 0 00 00 00 00 00 00 00 00 00 00 00 00 00
222:01 71 142 0 00 00 00 00 00 00 00 00 00 00 00 00 00
223:01 72 144 0 00 00 00 00 00 00 00 00 00 00 00 00 00
224:01 73 146 0 00 00 00 00 00 00 00 00 00 00 00 00 00
225:01 74 148 0 00 00 00 00 00 00 00 00 00 00 00 00 00
226:01 75 150 0 00 00 00 00 00 00 00 00 00 00 00 00 00
227:01 0 0 0 00 00 00 00 00 00 00 00 00 00 00 00 00
228:01 1 0 3 00 00 00 00 00 00 00 00 00 00 00 00 00
229:01 2 0 6 00 00 00 00 00 00 00 00 00 00 00 00 00
230:01 3 0 9 00 00 00 00 00 00 00 00 00 00 00 00 00
231:01 4 0 12 00 00 00 00 00 00 00 00 00 00 00 00 00
232:01 5 0 15 00 00 00 00 00 00 00 00 00 00 00 00 00
233:01 6 0 18 00 00 00 00 00 00 00 00 00 00 00 00 00
234:01 7 0 21 00 00 00 00 00 00 00 00 00 00 00 00 00
235:01 8 0 24 00 00 00 00 00 00 00 00 00 00 00 00 00
236:01 9 0 27 00 00 00 00 00 00 00 00 00 00 00 00 00
237:01 10 0 30 00 00 00 00 00 00 00 00 00 00 00 00 00
238:01 11 0 33 00 00 00 00 00 00 00 00 00 00 00 00 00
239:01 12 0 36 00 00 00 00 00 00 00 00 00 00 00 00 00
240:01 13 0 39 00 00 00 00 00 00 00 00 00 00 00 00 00
241:01 14 0 42 00 00 00 00 00 00 00 00 00 00 00 00 00
242:01 15 0 45 00 00 00 00 00 00 00 00 00 00 00 00 00
243:01 16 0 48 00 00 00 00 00 00 00 00 00 00 00 00 00
244:01 17 0 51 00 00 00 00 00 00 00 00 00 00 00 00 00
245:01 18 0 54 00 00 00 00 00 00 00 00 00 00 00 00 00
246:01 19 0 57 00 00 00 00 00 00 00 00 00 00 00 00 00
247:01 20 0 60 00 00 00 00 00 00 00 00 00 00 00 00 00
248:01 21 0 63 00 00 00 00 00 00 00 00 00 00 00 00 00
249:01 22 0 66 00 00 00 00 00 00 00 00 00 00 00 00 00
250:01 23 0 69 00 00 00 00 00 00 00 00 00 00 00 00 00
251:01 24 0 72 00 00 00 00 00 00 00 00 00 00 00 00 00
252:01 25 0 75 00 00 00 00 00 00 00 00 00 00 00 00 00
253:01 26 0 78 00 00 00 00 00 00 00 00 00 00 00 00 00
254:01 27 0 81 00 00 00 00 00 00 00 00 00 00 00 00 00
255:01 28 0 84 00 00 00 00 00 00 00 00 00 00 00 00 00
256:01 29 0 87 00 00 00 00 00 00 00 00 00 00 00 00 00
257:01 30 0 90 00 00 00 00 00 00 00 00 00 00 00 00 00
258:01 31 0 93 00 00 00 00 00 00 00 00 00 00 00 00 00
259:01 32 0 96 00 00 00 00 00 00 00 00 00 00 00 00 00
260:01 33 0 99 00 00 00 00 00 00 00 00 00 00 00 00 00
261:01 34 0 102 00 00 00 00 00 00 00 00 00 00 00 00 00
262:01 35 0 105 00 00 00 00 00 00 00 00 00 00 00 00 00
263:01 36 0 108 00 00 00 00 00 00 00 00 00 00 00 00 00
264:01 37 0 111 00 00 00 00 00 00 00 00 00 00 00 00 00
265:01 38 0 114 00 00 00 00 00 00 00 00 00 00 00 00 00
266:01 39 0 117 00 00 00 00 00 00 00 00 00 00 00 00 00
267:01 40 0 120 00 00 00 00 00 00 00 00 00 00 00 00 00
268:01 41 0 123 00 00 00 00 00 00 00 00 00 00 00 00 00
269:01 42 0 126 00 00 00 00 00 00 00 00 00 00 00 00 00
270:01 43 0 129 00 00 00 00 00 00 00 00 00 00 00 00 00
271:01 44 0 132 00 00 00 00 00 00 00 00 00 00 00 00 00
272:01 45 0 135 00 00 00 00 00 00 00 00 00 00 00 00 00
273:01 46 0 138 00 00 00 00 00 00 00 00 00 00 00 00 00
274:01 47 0 141 00 00 00 00 00 00 00 00 00 00 00 00 00
275:01 48 0 144 00 00 00 00 00 00 00 00 00 00 00 00 00
276:01 49 0 147 00 00 00 00 00 00 00 00 00 00 00 00 00
277:01 50 0 150 00 00 00 00 00 00 00 00 00 00 00 00 00
278:01 51 0 153 00 00 00 00 00 00 00 00 00 00 00 00 00
279:01 52 0 156 00 00 00 00 00 00 00 00 00 00 00 00 00
280:01 53 0 159 00 00 00 00 00 00 00 00 00 00 00 00 00
281:01 54 0 162 00 00 00 00 00 00 00 00 00 00 00 00 00
282:01 55 0 165 00 00 00 00 00 00 00 00 00 00 00 00 00
283:01 56 0 168 00 00 00 00 00 00 00 00 00 00 00 00 00
284:01 57 0 171 00 00 00 00 00 00 00 00 00 00 00 00 00
285:01 58 0 174 00 00 00 00 00 00 00 00 00 00 00 00 00
286:01 59 0 177 00 00 00 00 00 00 00 00 00 00 00 00 00
287:01 60 0 180 00 00 00 00 00 00 00 00 00 00 00 00 00
288:01 61 0 183 00 00 00 00 00 00 00 00 00 00 00 00 00
289:01 62 0 186 00 00 00 00 00 00 00 00 00 00 00 00 00
290:01 63 0 189 00 00 00 00 00 00 00 00 00 00 00 00 00
291:01 64 0 192 00 00 00 00 00 00 00 00 00 00 00 00 00
292:01 65 0 195 00 00 00 00 00 00 00 00 00 00 00 00 00
293:01 0 0 0 00 00 00 00 00 00 00 00 00 00 00 00 00
295:01 0 0 0 00 00 00 00 00 00 00 00 00 00 00 00 00
296:01 1 2 0 00 00 00 00 00 00 00 00 00 00 00 00 00
297:01 2 4 0 00 00 00 00 00 00 00 00 00 00 00 00 00
298:01 3 6 0 00 00 00 00 00 00 00 00 00 00 00 00 00
299:01 4 8 0 00 00 00 00 00 00 00 00 00 00 00 00 00
300:01 5 10 0 00 00 00 00 00 00 00 00 00 00 00 00 00
301:01 6 12 0 00 00 00 00 00 00 00 00 00 00 00 00 00
302:01 7 14 0 00 00 00 00 00 00 00 00 00 00 00 00 00
303:01 8 16 0 00 00 00 00 00 00 00 00 00 00 00 00 00
304:01 9 18 0 00 00 00 00 00 00 00 00 00 00 00 00 00
305:01 10 20 0 00 00 00 00 00 00 00 00 00 00 00 00 00
306:01 11 22 0 00 00 00 00 00 00 00 00 00 00 00 00 00
307:01 12 24 0 00 00 00 00 00 00 00 00 00 00 00 00 00
308:01 13 26 0 00 00 00 00 00 00 00 00 00 00 00 00 00
309:01 14 28 0 00 00 00 00 00 00 00 00 00 00 00 00 00
310:01 15 30 0 00 00 00 00 00 00 00 00 00 00 00 00 00
311:01 16 32 0 00 00 00 00 00 00 00 00 00 00 00 00 00
312:01 17 34 0 00 00 00 00 00 00 00 00 00 00 00 00 00
313:01 18 36 0 00 00 00 00 00 00 00 00 00 00 00 00 00
314:01 19 38 0 00 00 00 00 00 00 00 00 00 00 00 00 00
315:01 20 40 0 00 00 00 00 00 00 00 00 00 00 00 00 00
316:01 21 42 0 00 00 00 00 00 00 00 00 00 00 00 00 00
317:01 22 44 0 00 00 00 00 00 00 00 00 00 00 00 00 00
318:01 23 46 0 00 00 00 00 00 00 00 00 00 00 00 00 00
319:01 24 48 0 00 00 00 00 00 00 00 00 00 00 00 00 00
320:01 25 50 0 00 00 00 00 00 00 00 00 00 00 00 00 00
321:01 26 52 0 00 00 00 00 00 00 00 00 00 00 00 00 00
322:01 27 54 0 00 00 00 00 00 00 00 00 00 00 00 00 00
323:01 28 56 0 00 00 00 00 00 00 00 00 00 00 00 00 00
324:01 29 58 0 00 00 00 00 00 00 00 00 00 00 00 00 00
325:01 30 60 0 00 00 00 00 00 00 00 00 00 00 00 00 00
326:01 31 62 0 00 00 00 00 00 00 00 00 00 00 00 00 00
327:01 32 64 0 00 00 00 00 00 00 00 00 00 00 00 00 00
328:01 33 66 0 00 00 00 00 00 00 00 00 00 00 00 00 00
329:01 34 68 0 00 00 00 00 00 00 00 00 00 00 00 00 00
330:01 35 70 0 00 00 00 00 00 00 00 00 00 00 00 00 00
331:01 36 72 0 00 00 00 00 00 00 00 00 00 00 00 00 00
332:01 37 74 0 00 00 00 00 00 00 00 00 00 00 00 00 00
333:01 38 76 0 00 00 00 00 00 00 00 00 00 00 00 00 00
334:01 39 78 0 00 00 00 00 00 00 00 00 00 00 00 00 00
335:01 40 80 0 00 00 00 00 00 00 00 00 00 00 00 00 00
336:01 41 82 0 00 00 00 00 00 00 00 00 00 00 00 00 00
337:01 42 84 0 00 00 00 00 00 00 00 00 00 00 00 00 00
338:01 43 86 0 00 00 00 00 00 00 00 00 00 00 00 00 00
339:01 44 88 0 00 00 00 00 00 00 00 00 00 00 00 00 00
340:01 45 90 0 00 00 00 00 00 00 00 00 00 00 00 00 00
341:01 46 92 0 00 00 00 00 00 00 00 00 00 00 00 00 00
342:01 47 94 0 00 00 00 00 00 00 00 00 00 00 00 00 00
343:01 48 96 0 00 00 00 00 00 00 00 00 00 00 00 00 00
344:01 49 98 0 00 00 00 00 00 00 00 00 00 00 00 00 00
345:01 50 100 0 00 00 00 00 00 00 00 00 00 00 00 00 00
346:01 51 102 0 00 00 00 00 00 00 00 00 00 00 00 00 00
347:01 52 104 0 00 00 00 00 00 00 00 00 00 00 00 00 00
348:01 53 106 0 00 00 00 00 00 00 00 00 00 00 00 00 00
349:01 54 108 0 00 00 00 00 00 00 00 00 00 00 00 00 00
350:01 55 110 0 00 00 00 00 00 00 00 00 00 00 00 00 00
351:01 56 112 0 00 00 00 00 00 00 00 00 00 00 00 00 00
352:01 57 114 0 00 00 00 00 00 00 00 00 00 00 00 00 00
353:01 58 116 0 00 00 00 00 00 00 00 00 00 00 00 00 00
354:01 59 118 0 00 00 00 00 00 00 00 00 00 00 00 00 00
355:01 60 120 0 00 00 00 00 00 00 00 00 00 00 00 00 00
356:01 61 122 0 00 00 00 00 00 00 00 00 00 00 00 00 00
357:01 62 124 0 00 00 00 00 00 00 00 00 00 00 00 00 00
358:01 63 126 0 00 00 00 00 00 00 00 00 00 00 00 00 00
359:01 64 128 0 00 00 00 00 00 00 00 00 00 00 00 00 00
360:01 65 130 0 00 00 00 00 00 00 00 00 00 00 00 00 00
361:01 0 0 0 00 00 00 00 00 00 00 00 00 00 00 00 00
362:01 2 2 0 00 00 00 00 00 00 00 00 00 00 00 00 00
363:01 4 4 0 00 00 00 00 00 00 00 00 00 00 00 00 00
364:01 6 6 0 00 00 00 00 00 00 00 00 00 00 00 00 00
365:01 8 8 0 00 00 00 00 00 00 00 00 00 00 00 00 00
366:01 10 10 0 00 00 00 00 00 00 00 00 00 00 00 00 00
367:01 12 12 0 00 00 00 00 00 00 00 00 00 00 00 00 00
368:01 14 14 0 00 00 00 00 00 00 00 00 00 00 00 00 00
369:01 16 16 0 00 00 00 00 00 00 00 00 00 00 00 00 00
370:01 18 18 0 00 00 00 00 00 00 00 00 00 00 00 00 00
371:01 20 20 0 00 00 00 00 00 00 00 00 00 00 00 00 00
372:01 22 22 0 00 00 00 00 00 00 00 00 00 00 00 00 00
373:01 24 24 0 00 00 00 00 00 00 00 00 00 00 00 00 00
374:01 26 26 0 00 00 00 00 00 00 00 00 00 00 00 00 00
375:01 28 28 0 00 00 00 00 00 00 00 00 00 00 00 00 00
376:01 30 30 0 00 00 00 00 00 00 00 00 00 00 00 00 00
377:01 32 32 0 00 00 00 00 00 00 00 00 00 00 00 00 00
378:01 34 34 0 00 00 00 00 00 00 00 00 00 00 00 00 00
379:01 36 36 0 00 00 00 00 00 00 00 00 00 00 00 00 00
380:01 38 38 0 00 00 00 00 00 00 00 00 00 00 00 00 00
381:01 40 40 0 00 00 00 00 00 00 00 00 00 00 00 00 00
382:01 42 42 0 00 00 00 00 00 00 00 00 00 00 00 00 00
383:01 44 44 0 00 00 00 00 00 00 00 00 00 00 00 00 00
384:01 46 46 0 00 00 00 00 00 00 00 00 00 00 00 00 00
385:01 48 48 0 00 00 00 00 00 00 00 00 00 00 00 00 00
386:01 50 50 0 00 00 00 00 00 00 00 00 00 00 00 00 00
387:01 52 52 0 00 00 00 00 00 00 00 00 00 00 00 00 00
388:01 54 54 0 00 00 00 00 00 00 00 00 00 00 00 00 00
389:01 56 56 0 00 00 00 00 00 00 00 00 00 00 00 00 00
390:01 58 58 0 00 00 00 00 00 00 00 00 00 00 00 00 00
391:01 60 60 0 00 00 00 00 00 00 00 00 00 00 00 00 00
392:01 62 62 0 00 00 00 00 00 00 00 00 00 00 00 00 00
393:01 64 64 0 00 00 00 00 00 00 00 00 00 00 00 00 00
394:01 66 66 0 00 00 00 00 00 00 00 00 00 00 00 00 00
395:01 68 68 0 00 00 00 00 00 00 00 00 00 00 00 00 00
396:01 70 70 0 00 00 00 00 00 00 00 00 00 00 00 00 00
397:01 72 72 0 00 00 00 00 00 00 00 00 00 00 00 00 00
398:01 74 74 0 00 00 00 00 00 00 00 00 00 00 00 00 00
399:01 76 76 0 00 00 00 00 00 00 00 00 00 00 00 00 00
400:01 78 78 0 00 00 00 00 00 00 00 00 00 00 00 00 00
401:01 80 80 0 00 00 00 00 00 00 00 00 00 00 00 00 00
402:01 82 82 0 00 00 00 00 00 00 00 00 00 00 00 00 00
403:01 84 84 0 00 00 00 00 00 00 00 00 00 00 00 00 00
404:01 86 86 0 00 00 00 00 00 00 00 00 00 00 00 00 00
405:01 88 88 0 00 00 00 00 00 00 00 00 00 00 00 00 00
406:01 90 90 0 00 00 00 00 00 00 00 00 00 00 00 00 00
407:01 92 92 0 00 00 00 00 00 00 00 00 00 00 00 00 00
408:01 94 94 0 00 00 00 00 00 00 00 00 00 00 00 00 00
409:01 96 96 0 00 00 00 00 00 00 00 00 00 00 00 00 00
410:01 98 98 0 00 00 00 00 00 00 00 00 00 00 00 00 00
411:01 100 100 0 00 00 00 00 00 00 00 00 00 00 00 00 00
412:01 102 102 0 00 00 00 00 00 00 00 00 00 00 00 00 00
413:01 104 104 0 00 00 00 00 00 00 00 00 00 00 00 00 00
414:01 106 106 0 00 00 00 00 00 00 00 00 00 00 00 00 00
415:01 108 108 0 00 00 00 00 00 00 00 00 00 00 00 00 00
416:01 110 110 0 00 00 00 00 00 00 00 00 00 00 00 00 00
417:01 112 112 0 00 00 00 00 00 00 00 00 00 00 00 00 00
418:01 114 114 0 00 00 00 00 00 00 00 00 00 00 00 00 00
419:01 116 116 0 00 00 00 00 00 00 00 00 00 00 00 00 00
420:01 118 118 0 00 00 00 00 00 00 00 00 00 00 00 00 00
421:01 120 120 0 00 00 00 00 00 00 00 00 00 00 00 00 00
422:01 122 122 0 00 00 00 00 00 00 00 00 00 00 00 00 00
423:01 124 124 0 00 00 00 00 00 00 00 00 00 00 00 00 00
424:01 126 126 0 00 00 00 00 00 00 00 00 00 00 00 00 00
425:01 128 128 0 00 00 00 00 00 00 00 00 00 00 00 00 00
426:01 130 130 0 00 00 00 00 00 00 00 00 00 00 00 00 00
427:01 132 132 0 00 00 00 00 00 00 00 00 00 00 00 00 00
428:01 134 134 0 00 00 00 00 00 00 00 00 00 00 00 00 00
429:01 136 136 0 00 00 00 00 00 00 00 00 00 00 00 00 00
430:01 138 138 0 00 00 00 00 00 00 00 00 00 00 00 00 00
431:01 140 140 0 00 00 00 00 00 00 00 00 00 00 00 00 00
432:01 142 142 0 00 00 00 00 00 00 00 00 00 00 00 00 00
433:01 144 144 0 00 00 00 00 00 00 00 00 00 00 00 00 00
434:01 146 146 0 00 00 00 00 00 00 00 00 00 00 00 00 00
435:01 148 148 0 00 00 00 00 00 00 00 00 00 00 00 00 00
436:01 150 150 0 00 00 00 00 00 00 00 00 00 00 00 00 00
437:01 152 152 0 00 00 00 00 00 00 00 00 00 00 00 00 00
438:01 154 154 0 00 00 00 00 00 00 00 00 00 00 00 00 00
439:01 156 156 0 00 00 00 00 00 00 00 00 00 00 00 00 00
440:01 158 158 0 00 00 00 00 00 00 00 00 00 00 00 00 00
441:01 160 160 0 00 00 00 00 00 00 00 00 00 00 00 00 00
442:01 162 162 0 00 00 00 00 00 00 00 00 00 00 00 00 00
443:01 164 164 0 00 00 00 00 00 00 00 00 00 00 00 00 00
444:01 166 166 0 00 00 00 00 00 00 00 00 00 00 00 00 00
445:01 168 168 0 00 00 00 00 00 00 00 00 00 00 00 00 00
446:01 170 170 0 00 00 00 00 00 00 00 00 00 00 00 00 00
447:01 172 172 0 00 00 00 00 00 00 00 00 00 00 00 00 00
448:01 174 174 0 00 00 00 00 00 00 00 00 00 00 00 00 00
449:01 176 176 0 00 00 00 00 00 00 00 00 00 00 00 00 00
450:01 178 178 0 00 00 00 00 00 00 00 00 00 00 00 00 00
451:01 0 0 0 00 00 00 00 00 00 00 00 00 00 00 00 00
453:01 0 0 0 00 00 00 00 00 00 00 00 00 00 00 00 00
454:01 2 0 0 00 00 00 00 00 00 00 00 00 00 00 00 00
455:01 4 0 0 00 00 00 00 00 00 00 00 00 00 00 00 00
456:01 6 0 0 00 00 00 00 00 00 00 00 00 00 00 00 00
457:01 8 0 0 00 00 00 00 00 00 00 00 00 00 00 00 00
458:01 10 0 0 00 00 00 00 00 00 00 00 00 00 00 00 00
459:01 12 0 0 00 00 00 00 00 00 00 00 00 00 00 00 00
460:01 14 0 0 00 00 00 00 00 00 00 00 00 00 00 00 00
461:01 16 0 0 00 00 00 00 00 00 00 00 00 00 00 00 00
462:01 18 0 0 00 00 00 00 00 00 00 00 00 00 00 00 00
463:01 20 0 0 00 00 00 00 00 00 00 00 00 00 00 00 00
464:01 22 0 0 00 00 00 00 00 00 00 00 00 00 00 00 00
465:01 24 0 0 00 00 00 00 00 00 00 00 00 00 00 00 00
466:01 26 0 0 00 00 00 00 00 00 00 00 00 00 00 00 00
467:01 28 0 0 00 00 00 00 00 00 00 00 00 00 00 00 00
468:01 30 0 0 00 00 00 00 00 00 00 00 00 00 00 00 00
469:01 32 0 0 00 00 00 00 00 00 00 00 00 00 00 00 00
470:01 34 0 0 00 00 00 00 00 00 00 00 00 00 00 00 00
471:01 36 0 0 00 00 00 00 00 00 00 00 00 00 00 00 00
472:01 38 0 0 00 00 00 00 00 00 00 00 00 00 00 00 00
473:01 40 0 0 00 00 00 00 00 00 00 00 00 00 00 00 00
474:01 42 0 0 00 00 00 00 00 00 00 00 00 00 00 00 00
475:01 44 0 0 00 00 00 00 00 00 00 00 00 00 00 00 00
476:01 46 0 0 00 00 00 00 00 00 00 00 00 00 00 00 00
477:01 48 0 0 00 00 00 00 00 00 00 00 00 00 00 00 00
478:01 50 0 0 00 00 00 00 00 00 00 00 00 00 00 00 00
479:01 52 0 0 00 00 00 00 00 00 00 00 00 00 00 00 00
480:01 54 0 0 00 00 00 00 00 00 00 00 00 00 00 00 00
481:01 56 0 0 00 00 00 00 00 00 00 00 00 00 00 00 00
482:01 58 0 0 00 00 00 00 00 00 00 00 00 00 00 00 00
483:01 60 0 0 00 00 00 00 00 00 00 00 00 00 00 00 00
484:01 62 0 0 00 00 00 00 00 00 00 00 00 00 00 00 00
485:01 64 0 0 00 00 00 00 00 00 00 00 00 00 00 00 00
486:01 66 0 0 00 00 00 00 00 00 00 00 00 00 00 00 00
487:01 68 0 0 00 00 00 00 00 00 00 00 00 00 00 00 00
488:01 70 0 0 00 00 00 00 00 00 00 00 00 00 00 00 00
489:01 72 0 0 00 00 00 00 00 00 00 00 00 00 00 00 00
490:01 74 0 0 00 00 00 00 00 00 00 00 00 00 00 00 00
491:01 76 0 0 00 00 00 00 00 00 00 00 00 00 00 00 00
492:01 78 0 0 00 00 00 00 00 00 00 00 00 00 00 00 00
493:01 80 0 0 00 00 00 00 00 00 00 00 00 00 00 00 00
494:01 82 0 0 00 00 00 00 00 00 00 00 00 00 00 00 00
495:01 84 0 0 00 00 00 00 00 00 00 00 00 00 00 00 00
496:01 86 0 0 00 00 00 00 00 00 00 00 00 00 00 00 00
497:01 88 0 0 00 00 00 00 00 00 00 00 00 00 00 00 00
498:01 90 0 0 00 00 00 00 00 00 00 00 00 00 00 00 00
499:01 92 0 0 00 00 00 00 00 00 00 00 00 00 00 00 00
500:01 94 0 0 00 00 00 00 00 00 00 00 00 00 00 00 00
501:01 96 0 0 00 00 00 00 00 00 00 00 00 00 00 00 00
502:01 98 0 0 00 00 00 00 00 00 00 00 00 00 00 00 00
503:01 100 0 0 00 00 00 00 00 00 00 00 00 00 00 00 00
504:01 102 0 0 00 00 00 00 00 00 00 00 00 00 00 00 00
505:01 104 0 0 00 00 00 00 00 00 00 00 00 00 00 00 00
506:01 106 0 0 00 00 00 00 00 00 00 00 00 00 00 00 00
507:01 108 0 0 00 00 00 00 00 00 00 00 00 00 00 00 00
508:01 110 0 0 00 00 00 00 00 00 00 00 00 00 00 00 00
509:01 112 0 0 00 00 00 00 00 00 00 00 00 00 00 00 00
510:01 114 0 0 00 00 00 00 00 00 00 00 00 00 00 00 00
511:01 116 0 0 00 00 00 00 00 00 00 00 00 00 00 00 00
512:01 118 0 0 00 00 00 00 00 00 00 00 00 00 00 00 00
513:01 120 0 0 00 00 00 00 00 00 00 00 00 00 00 00 00
514:01 122 0 0 00 00 00 00 00 00 00 00 00 00 00 00 00
515:01 124 0 0 00 00 00 00 00 00 00 00 00 00 00 00 00
516:01 126 0 0 00 00 00 00 00 00 00 00 00 00 00 00 00
517:01 128 0 0 00 00 00 00 00 00 00 00 00 00 00 00 00
518:01 130 0 0 00 00 00 00 00 00 00 00 00 00 00 00 00
519:01 132 0 0 00 00 00 00 00 00 00 00 00 00 00 00 00
520:01 134 0 0 00 00 00 00 00 00 00 00 00 00 00 00 00
521:01 136 0 0 00 00 00 00 00 00 00 00 00 00 00 00 00
522:01 138 0 0 00 00 00 00 00 00 00 00 00 00 00 00 00
523:01 140 0 0 00 00 00 00 00 00 00 00 00 00 00 00 00
524:01 142 0 0 00 00 00 00 00 00 00 00 00 00 00 00 00
525:01 144 0 0 00 00 00 00 00 00 00 00 00 00 00 00 00
526:01 146 0 0 00 00 00 00 00 00 00 00 00 00 00 00 00
527:01 148 0 0 00 00 00 00 00 00 00 00 00 00 00 00 00
528:01 150 0 0 00 00 00 00 00 00 00 00 00 00 00 00 00
529:01 152 0 0 00 00 00 00 00 00 00 00 00 00 00 00 00
530:01 154 0 0 00 00 00 00 00 00 00 00 00 00 00 00 00
531:01 156 0 0 00 00 00 00 00 00 00 00 00 00 00 00 00
532:01 158 0 0 00 00 00 00 00 00 00 00 00 00 00 00 00
533:01 160 0 0 00 00 00 00 00 00 00 00 00 00 00 00 00
534:01 162 0 0 00 00 00 00 00 00 00 00 00 00 00 00 00
535:01 164 0 0 00 00 00 00 00 00 00 00 00 00 00 00 00
536:01 166 0 0 00 00 00 00 00 00 00 00 00 00 00 00 00
537:01 168 0 0 00 00 00 00 00 00 00 00 00 00 00 00 00
538:01 170 0 0 00 00 00 00 00 00 00 00 00 00 00 00 00
539:01 172 0 0 00 00 00 00 00 00 00 00 00 00 00 00 00
540:01 174 0 0 00 00 00 00 00 00 00 00 00 00 00 00 00
541:01 176 0 0 00 00 00 00 00 00 00 00 00 00 00 00 00
542:01 178 0 0 00 00 00 00 00 00 00 00 00 00 00 00 00
543:01 0 0 0 00 00 00 00 00 00 00 00 00 00 00 00 00
544:01 0 1 0 00 00 00 00 00 00 00 00 00 00 00 00 00
545:01 0 2 0 00 00 00 00 00 00 00 00 00 00 00 00 00
546:01 0 3 0 00 00 00 00 00 00 00 00 00 00 00 00 00
547:01 0 4 0 00 00 00 00 00 00 00 00 00 00 00 00 00
548:01 0 5 0 00 00 00 00 00 00 00 00 00 00 00 00 00
549:01 0 6 0 00 00 00 00 00 00 00 00 00 00 00 00 00
550:01 0 7 0 00 00 00 00 00 00 00 00 00 00 00 00 00
551:01 0 8 0 00 00 00 00 00 00 00 00 00 00 00 00 00
552:01 0 9 0 00 00 00 00 00 00 00 00 00 00 00 00 00
553:01 0 10 0 00 00 00 00 00 00 00 00 00 00 00 00 00
554:01 0 11 0 00 00 00 00 00 00 00 00 00 00 00 00 00
555:01 0 12 0 00 00 00 00 00 00 00 00 00 00 00 00 00
556:01 0 13 0 00 00 00 00 00 00 00 00 00 00 00 00 00
557:01 0 14 0 00 00 00 00 00 00 00 00 00 00 00 00 00
558:01 0 15 0 00 00 00 00 00 00 00 00 00 00 00 00 00
559:01 0 16 0 00 00 00 00 00 00 00 00 00 00 00 00 00
560:01 0 17 0 00 00 00 00 00 00 00 00 00 00 00 00 00
561:01 0 18 0 00 00 00 00 00 00 00 00 00 00 00 00 00
562:01 0 19 0 00 00 00 00 00 00 00 00 00 00 00 00 00
563:01 0 20 0 00 00 00 00 00 00 00 00 00 00 00 00 00
564:01 0 21 0 00 00 00 00 00 00 00 00 00 00 00 00 00
565:01 0 22 0 00 00 00 00 00 00 00 00 00 00 00 00 00
566:01 0 23 0 00 00 00 00 00 00 00 00 00 00 00 00 00
567:01 0 24 0 00 00 00 00 00 00 00 00 00 00 00 00 00
568:01 0 25 0 00 00 00 00 00 00 00 00 00 00 00 00 00
569:01 0 26 0 00 00 00 00 00 00 00 00 00 00 00 00 00
570:01 0 27 0 00 00 00 00 00 00 00 00 00 00 00 00 00
571:01 0 28 0 00 00 00 00 00 00 00 00 00 00 00 00 00
572:01 0 29 0 00 00 00 00 00 00 00 00 00 00 00 00 00
573:01 0 30 0 00 00 00 00 00 00 00 00 00 00 00 00 00
574:01 0 31 0 00 00 00 00 00 00 00 00 00 00 00 00 00
575:01 0 32 0 00 00 00 00 00 00 00 00 00 00 00 00 00
576:01 0 33 0 00 00 00 00 00 00 00 00 00 00 00 00 00
577:01 0 34 0 00 00 00 00 00 00 00 00 00 00 00 00 00
578:01 0 35 0 00 00 00 00 00 00 00 00 00 00 00 00 00
579:01 0 36 0 00 00 00 00 00 00 00 00 00 00 00 00 00
580:01 0 37 0 00 00 00 00 00 00 00 00 00 00 00 00 00
581:01 0 38 0 00 00 00 00 00 00 00 00 00 00 00 00 00
582:01 0 39 0 00 00 00 00 00 00 00 00 00 00 00 00 00
583:01 0 40 0 00 00 00 00 00 00 00 00 00 00 00 00 00
584:01 0 41 0 00 00 00 00 00 00 00 00 00 00 00 00 00
585:01 0 42 0 00 00 00 00 00 00 00 00 00 00 00 00 00
586:01 0 43 0 00 00 00 00 00 00 00 00 00 00 00 00 00
587:01 0 44 0 00 00 00 00 00 00 00 00 00 00 00 00 00
588:01 0 45 0 00 00 00 00 00 00 00 00 00 00 00 00 00
589:01 0 46 0 00 00 00 00 00 00 00 00 00 00 00 00 00
590:01 0 47 0 00 00 00 00 00 00 00 00 00 00 00 00 00
591:01 0 48 0 00 00 00 00 00 00 00 00 00 00 00 00 00
592:01 0 49 0 00 00 00 00 00 00 00 00 00 00 00 00 00
593:01 0 50 0 00 00 00 00 00 00 00 00 00 00 00 00 00
594:01 0 51 0 00 00 00 00 00 00 00 00 00 00 00 00 00
595:01 0 52 0 00 00 00 00 00 00 00 00 00 00 00 00 00
596:01 0 53 0 00 00 00 00 00 00 00 00 00 00 00 00 00
597:01 0 54 0 00 00 00 00 00 00 00 00 00 00 00 00 00
598:01 0 55 0 00 00 00 00 00 00 00 00 00 00 00 00 00
599:01 0 56 0 00 00 00 00 00 00 00 00 00 00 00 00 00
600:01 0 57 0 00 00 00 00 00 00 00 00 00 00 00 00 00
601:01 0 58 0 00 00 00 00 00 00 00 00 00 00 00 00 00
602:01 0 59 0 00 00 00 00 00 00 00 00 00 00 00 00 00
603:01 0 60 0 00 00 00 00 00 00 00 00 00 00 00 00 00
604:01 0 61 0 00 00 00 00 00 00 00 00 00 00 00 00 00
605:01 0 62 0 00 00 00 00 00 00 00 00 00 00 00 00 00
606:01 0 63 0 00 00 00 00 00 00 00 00 00 00 00 00 00
607:01 0 64 0 00 00 00 00 00 00 00 00 00 00 00 00 00
608:01 0 65 0 00 00 00 00 00 00 00 00 00 00 00 00 00
609:01 0 66 0 00 00 00 00 00 00 00 00 00 00 00 00 00
610:01 0 67 0 00 00 00 00 00 00 00 00 00 00 00 00 00
611:01 0 68 0 00 00 00 00 00 00 00 00 00 00 00 00 00
612:01 0 69 0 00 00 00 00 00 00 00 00 00 00 00 00 00
613:01 0 70 0 00 00 00 00 00 00 00 00 00 00 00 00 00
614:01 0 71 0 00 00 00 00 00 00 00 00 00 00 00 00 00
615:01 0 72 0 00 00 00 00 00 00 00 00 00 00 00 00 00
616:01 0 73 0 00 00 00 00 00 00 00 00 00 00 00 00 00
617:01 0 74 0 00 00 00 00 00 00 00 00 00 00 00 00 00
618:01 0 75 0 00 00 00 00 00 00 00 00 00 00 00 00 00
619:01 0 76 0 00 00 00 00 00 00 00 00 00 00 00 00 00
620:01 0 77 0 00 00 00 00 00 00 00 00 00 00 00 00 00
621:01 0 78 0 00 00 00 00 00 00 00 00 00 00 00 00 00
622:01 0 79 0 00 00 00 00 00 00 00 00 00 00 00 00 00
623:01 0 80 0 00 00 00 00 00 00 00 00 00 00 00 00 00
624:01 0 81 0 00 00 00 00 00 00 00 00 00 00 00 00 00
625:01 0 82 0 00 00 00 00 00 00 00 00 00 00 00 00 00
626:01 0 83 0 00 00 00 00 00 00 00 00 00 00 00 00 00
627:01 0 84 0 00 00 00 00 00 00 00 00 00 00 00 00 00
628:01 0 85 0 00 00 00 00 00 00 00 00 00 00 00 00 00
629:01 0 86 0 00 00 00 00 00 00 00 00 00 00 00 00 00
630:01 0 87 0 00 00 00 00 00 00 00 00 00 00 00 00 00
631:01 0 88 0 00 00 00 00 00 00 00 00 00 00 00 00 00
632:01 0 89 0 00 00 00 00 00 00 00 00 00 00 00 00 00
633:01 0 90 0 00 00 00 00 00 00 00 00 00 00 00 00 00
634:01 0 91 0 00 00 00 00 00 00 00 00 00 00 00 00 00
635:01 0 92 0 00 00 00 00 00 00 00 00 00 00 00 00 00
636:01 0 0 0 00 00 00 00 00 00 00 00 00 00 00 00 00
637:01 1 0 2 00 00 00 00 00 00 00 00 00 00 00 00 00
638:01 2 0 4 00 00 00 00 00 00 00 00 00 00 00 00 00
639:01 3 0 6 00 00 00 00 00 00 00 00 00 00 00 00 00
640:01 4 0 8 00 00 00 00 00 00 00 00 00 00 00 00 00
641:01 5 0 10 00 00 00 00 00 00 00 00 00 00 00 00 00
642:01 6 0 12 00 00 00 00 00 00 00 00 00 00 00 00 00
643:01 7 0 14 00 00 00 00 00 00 00 00 00 00 00 00 00
644:01 8 0 16 00 00 00 00 00 00 00 00 00 00 00 00 00
645:01 9 0 18 00 00 00 00 00 00 00 00 00 00 00 00 00
646:01 10 0 20 00 00 00 00 00 00 00 00 00 00 00 00 00
647:01 11 0 22 00 00 00 00 00 00 00 00 00 00 00 00 00
648:01 12 0 24 00 00 00 00 00 00 00 00 00 00 00 00 00
649:01 13 0 26 00 00 00 00 00 00 00 00 00 00 00 00 00
650:01 14 0 28 00 00 00 00 00 00 00 00 00 00 00 00 00
651:01 15 0 30 00 00 00 00 00 00 00 00 00 00 00 00 00
652:01 16 0 32 00 00 00 00 00 00 00 00 00 00 00 00 00
653:01 17 0 34 00 00 00 00 00 00 00 00 00 00 00 00 00
654:01 18 0 36 00 00 00 00 00 00 00 00 00 00 00 00 00
655:01 19 0 38 00 00 00 00 00 00 00 00 00 00 00 00 00
656:01 20 0 40 00 00 00 00 00 00 00 00 00 00 00 00 00
657:01 21 0 42 00 00 00 00 00 00 00 00 00 00 00 00 00
658:01 22 0 44 00 00 00 00 00 00 00 00 00 00 00 00 00
659:01 23 0 46 00 00 00 00 00 00 00 00 00 00 00 00 00
660:01 24 0 48 00 00 00 00 00 00 00 00 00 00 00 00 00
661:01 25 0 50 00 00 00 00 00 00 00 00 00 00 00 00 00
662:01 26 0 52 00 00 00 00 00 00 00 00 00 00 00 00 00
663:01 27 0 54 00 00 00 00 00 00 00 00 00 00 00 00 00
664:01 28 0 56 00 00 00 00 00 00 00 00 00 00 00 00 00
665:01 29 0 58 00 00 00 00 00 00 00 00 00 00 00 00 00
666:01 30 0 60 00 00 00 00 00 00 00 00 00 00 00 00 00
667:01 31 0 62 00 00 00 00 00 00 00 00 00 00 00 00 00
668:01 32 0 64 00 00 00 00 00 00 00 00 00 00 00 00 00
669:01 33 0 66 00 00 00 00 00 00 00 00 00 00 00 00 00
670:01 34 0 68 00 00 00 00 00 00 00 00 00 00 00 00 00
671:01 35 0 70 00 00 00 00 00 00 00 00 00 00 00 00 00
672:01 36 0 72 00 00 00 00 00 00 00 00 00 00 00 00 00
673:01 37 0 74 00 00 00 00 00 00 00 00 00 00 00 00 00
674:01 38 0 76 00 00 00 00 00 00 00 00 00 00 00 00 00
675:01 39 0 78 00 00 00 00 00 00 00 00 00 00 00 00 00
676:01 40 0 80 00 00 00 00 00 00 00 00 00 00 00 00 00
677:01 41 0 82 00 00 00 00 00 00 00 00 00 00 00 00 00
678:01 42 0 84 00 00 00 00 00 00 00 00 00 00 00 00 00
679:01 43 0 86 00 00 00 00 00 00 00 00 00 00 00 00 00
680:01 44 0 88 00 00 00 00 00 00 00 00 00 00 00 00 00
681:01 45 0 90 00 00 00 00 00 00 00 00 00 00 00 00 00
682:01 46 0 92 00 00 00 00 00 00 00 00 00 00 00 00 00
683:01 47 0 94 00 00 00 00 00 00 00 00 00 00 00 00 00
684:01 48 0 96 00 00 00 00 00 00 00 00 00 00 00 00 00
685:01 49 0 98 00 00 00 00 00 00 00 00 00 00 00 00 00
686:01 50 0 100 00 00 00 00 00 00 00 00 00 00 00 00 00
687:01 51 0 102 00 00 00 00 00 00 00 00 00 00 00 00 00
688:01 52 0 104 00 00 00 00 00 00 00 00 00 00 00 00 00
689:01 53 0 106 00 00 00 00 00 00 00 00 00 00 00 00 00
690:01 54 0 108 00 00 00 00 00 00 00 00 00 00 00 00 00
691:01 55 0 110 00 00 00 00 00 00 00 00 00 00 00 00 00
692:01 56 0 112 00 00 00 00 00 00 00 00 00 00 00 00 00
693:01 57 0 114 00 00 00 00 00 00 00 00 00 00 00 00 00
694:01 58 0 116 00 00 00 00 00 00 00 00 00 00 00 00 00
695:01 59 0 118 00 00 00 00 00 00 00 00 00 00 00 00 00
696:01 60 0 120 00 00 00 00 00 00 00 00 00 00 00 00 00
697:01 61 0 122 00 00 00 00 00 00 00 00 00 00 00 00 00
698:01 62 0 124 00 00 00 00 00 00 00 00 00 00 00 00 00
699:01 0 0 0 00 00 00 00 00 00 00 00 00 00 00 00 00
700:01 0 1 1 00 00 00 00 00 00 00 00 00 00 00 00 00
701:01 0 2 2 00 00 00 00 00 00 00 00 00 00 00 00 00
702:01 0 3 3 00 00 00 00 00 00 00 00 00 00 00 00 00
703:01 0 4 4 00 00 00 00 00 00 00 00 00 00 00 00 00
704:01 0 5 5 00 00 00 00 00 00 00 00 00 00 00 00 00
705:01 0 6 6 00 00 00 00 00 00 00 00 00 00 00 00 00
706:01 0 7 7 00 00 00 00 00 00 00 00 00 00 00 00 00
707:01 0 8 8 00 00 00 00 00 00 00 00 00 00 00 00 00
708:01 0 9 9 00 00 00 00 00 00 00 00 00 00 00 00 00
709:01 0 10 10 00 00 00 00 00 00 00 00 00 00 00 00 00
710:01 0 11 11 00 00 00 00 00 00 00 00 00 00 00 00 00
711:01 0 12 12 00 00 00 00 00 00 00 00 00 00 00 00 00
712:01 0 13 13 00 00 00 00 00 00 00 00 00 00 00 00 00
713:01 0 14 14 00 00 00 00 00 00 00 00 00 00 00 00 00
714:01 0 15 15 00 00 00 00 00 00 00 00 00 00 00 00 00
715:01 0 16 16 00 00 00 00 00 00 00 00 00 00 00 00 00
716:01 0 17 17 00 00 00 00 00 00 00 00 00 00 00 00 00
717:01 0 18 18 00 00 00 00 00 00 00 00 00 00 00 00 00
718:01 0 19 19 00 00 00 00 00 00 00 00 00 00 00 00 00
719:01 0 20 20 00 00 00 00 00 00 00 00 00 00 00 00 00
720:01 0 21 21 00 00 00 00 00 00 00 00 00 00 00 00 00
721:01 0 22 22 00 00 00 00 00 00 00 00 00 00 00 00 00
722:01 0 23 23 00 00 00 00 00 00 00 00 00 00 00 00 00
723:01 0 24 24 00 00 00 00 00 00 00 00 00 00 00 00 00
724:01 0 25 25 00 00 00 00 00 00 00 00 00 00 00 00 00
725:01 0 26 26 00 00 00 00 00 00 00 00 00 00 00 00 00
726:01 0 27 27 00 00 00 00 00 00 00 00 00 00 00 00 00
727:01 0 28 28 00 00 00 00 00 00 00 00 00 00 00 00 00
728:01 0 29 29 00 00 00 00 00 00 00 00 00 00 00 00 00
729:01 0 30 30 00 00 00 00 00 00 00 00 00 00 00 00 00
730:01 0 31 31 00 00 00 00 00 00 00 00 00 00 00 00 00
731:01 0 32 32 00 00 00 00 00 00 00 00 00 00 00 00 00
732:01 0 33 33 00 00 00 00 00 00 00 00 00 00 00 00 00
733:01 0 34 34 00 00 00 00 00 00 00 00 00 00 00 00 00
734:01 0 35 35 00 00 00 00 00 00 00 00 00 00 00 00 00
735:01 0 36 36 00 00 00 00 00 00 00 00 00 00 00 00 00
736:01 0 37 37 00 00 00 00 00 00 00 00 00 00 00 00 00
737:01 0 38 38 00 00 00 00 00 00 00 00 00 00 00 00 00
738:01 0 39 39 00 00 00 00 00 00 00 00 00 00 00 00 00
739:01 0 40 40 00 00 00 00 00 00 00 00 00 00 00 00 00
740:01 0 41 41 00 00 00 00 00 00 00 00 00 00 00 00 00
741:01 0 42 42 00 00 00 00 00 00 00 00 00 00 00 00 00
742:01 0 43 43 00 00 00 00 00 00 00 00 00 00 00 00 00
743:01 0 44 44 00 00 00 00 00 00 00 00 00 00 00 00 00
744:01 0 45 45 00 00 00 00 00 00 00 00 00 00 00 00 00
745:01 0 46 46 00 00 00 00 00 00 00 00 00 00 00 00 00
746:01 0 47 47 00 00 00 00 00 00 00 00 00 00 00 00 00
747:01 0 48 48 00 00 00 00 00 00 00 00 00 00 00 00 00
748:01 0 49 49 00 00 00 00 00 00 00 00 00 00 00 00 00
749:01 0 50 50 00 00 00 00 00 00 00 00 00 00 00 00 00
750:01 0 51 51 00 00 00 00 00 00 00 00 00 00 00 00 00
751:01 0 52 52 00 00 00 00 00 00 00 00 00 00 00 00 00
752:01 0 53 53 00 00 00 00 00 00 00 00 00 00 00 00 00
753:01 0 54 54 00 00 00 00 00 00 00 00 00 00 00 00 00
754:01 0 55 55 00 00 00 00 00 00 00 00 00 00 00 00 00
755:01 0 56 56 00 00 00 00 00 00 00 00 00 00 00 00 00
756:01 0 57 57 00 00 00 00 00 00 00 00 00 00 00 00 00
757:01 0 58 58 00 00 00 00 00 00 00 00 00 00 00 00 00
758:01 0 59 59 00 00 00 00 00 00 00 00 00 00 00 00 00
759:01 0 60 60 00 00 00 00 00 00 00 00 00 00 00 00 00
760:01 0 61 61 00 00 00 00 00 00 00 00 00 00 00 00 00
761:01 0 62 62 00 00 00 00 00 00 00 00 00 00 00 00 00
762:01 0 63 63 00 00 00 00 00 00 00 00 00 00 00 00 00
763:01 0 64 64 00 00 00 00 00 00 00 00 00 00 00 00 00
764:01 0 65 65 00 00 00 00 00 00 00 00 00 00 00 00 00
765:01 0 66 66 00 00 00 00 00 00 00 00 00 00 00 00 00
766:01 0 67 67 00 00 00 00 00 00 00 00 00 00 00 00 00
767:01 0 68 68 00 00 00 00 00 00 00 00 00 00 00 00 00
768:01 0 69 69 00 00 00 00 00 00 00 00 00 00 00 00 00
769:01 0 70 70 00 00 00 00 00 00 00 00 00 00 00 00 00
770:01 0 71 71 00 00 00 00 00 00 00 00 00 00 00 00 00
771:01 0 72 72 00 00 00 00 00 00 00 00 00 00 00 00 00
772:01 0 73 73 00 00 00 00 00 00 00 00 00 00 00 00 00
773:01 0 74 74 00 00 00 00 00 00 00 00 00 00 00 00 00
774:01 0 75 75 00 00 00 00 00 00 00 00 00 00 00 00 00
775:01 0 76 76 00 00 00 00 00 00 00 00 00 00 00 00 00
776:01 0 77 77 00 00 00 00 00 00 00 00 00 00 00 00 00
777:01 0 78 78 00 00 00 00 00 00 00 00 00 00 00 00 00
778:01 0 79 79 00 00 00 00 00 00 00 00 00 00 00 00 00
779:01 0 80 80 00 00 00 00 00 00 00 00 00 00 00 00 00
780:01 0 81 81 00 00 00 00 00 00 00 00 00 00 00 00 00
781:01 0 82 82 00 00 00 00 00 00 00 00 00 00 00 00 00
782:01 0 83 83 00 00 00 00 00 00 00 00 00 00 00 00 00
783:01 0 84 84 00 00 00 00 00 00 00 00 00 00 00 00 00
784:01 0 85 85 00 00 00 00 00 00 00 00 00 00 00 00 00
785:01 0 86 86 00 00 00 00 00 00 00 00 00 00 00 00 00
786:01 0 87 87 00 00 00 00 00 00 00 00 00 00 00 00 00
787:01 0 88 88 00 00 00 00 00 00 00 00 00 00 00 00 00
788:01 0 89 89 00 00 00 00 00 00 00 00 00 00 00 00 00
789:01 0 0 0 00 00 00 00 00 00 00 00 00 00 00 00 00
790:01 1 2 3 00 00 00 00 00 00 00 00 00 00 00 00 00
791:01 2 4 6 00 00 00 00 00 00 00 00 00 00 00 00 00
792:01 3 6 9 00 00 00 00 00 00 00 00 00 00 00 00 00
793:01 4 8 12 00 00 00 00 00 00 00 00 00 00 00 00 00
794:01 5 10 15 00 00 00 00 00 00 00 00 00 00 00 00 00
795:01 6 12 18 00 00 00 00 00 00 00 00 00 00 00 00 00
796:01 7 14 21 00 00 00 00 00 00 00 00 00 00 00 00 00
797:01 8 16 24 00 00 00 00 00 00 00 00 00 00 00 00 00
798:01 9 18 27 00 00 00 00 00 00 00 00 00 00 00 00 00
799:01 10 20 30 00 00 00 00 00 00 00 00 00 00 00 00 00
800:01 11 22 33 00 00 00 00 00 00 00 00 00 00 00 00 00
801:01 12 24 36 00 00 00 00 00 00 00 00 00 00 00 00 00
802:01 13 26 39 00 00 00 00 00 00 00 00 00 00 00 00 00
803:01 14 28 42 00 00 00 00 00 00 00 00 00 00 00 00 00
804:01 15 30 45 00 00 00 00 00 00 00 00 00 00 00 00 00
805:01 16 32 48 00 00 00 00 00 00 00 00 00 00 00 00 00
806:01 17 34 51 00 00 00 00 00 00 00 00 00 00 00 00 00
807:01 18 36 54 00 00 00 00 00 00 00 00 00 00 00 00 00
808:01 19 38 57 00 00 00 00 00 00 00 00 00 00 00 00 00
809:01 20 40 60 00 00 00 00 00 00 00 00 00 00 00 00 00
810:01 21 42 63 00 00 00 00 00 00 00 00 00 00 00 00 00
811:01 22 44 66 00 00 00 00 00 00 00 00 00 00 00 00 00
812:01 23 46 69 00 00 00 00 00 00 00 00 00 00 00 00 00
813:01 24 48 72 00 00 00 00 00 00 00 00 00 00 00 00 00
814:01 25 50 75 00 00 00 00 00 00 00 00 00 00 00 00 00
815:01 26 52 78 00 00 00 00 00 00 00 00 00 00 00 00 00
816:01 27 54 81 00 00 00 00 00 00 00 00 00 00 00 00 00
817:01 28 56 84 00 00 00 00 00 00 00 00 00 00 00 00 00
818:01 29 58 87 00 00 00 00 00 00 00 00 00 00 00 00 00
819:01 30 60 90 00 00 00 00 00 00 00 00 00 00 00 00 00
820:01 31 62 93 00 00 00 00 00 00 00 00 00 00 00 00 00
821:01 32 64 96 00 00 00 00 00 00 00 00 00 00 00 00 00
822:01 33 66 99 00 00 00 00 00 00 00 00 00 00 00 00 00
823:01 34 68 102 00 00 00 00 00 00 00 00 00 00 00 00 00
824:01 35 70 105 00 00 00 00 00 00 00 00 00 00 00 00 00
825:01 36 72 108 00 00 00 00 00 00 00 00 00 00 00 00 00
826:01 37 74 111 00 00 00 00 00 00 00 00 00 00 00 00 00
827:01 38 76 114 00 00 00 00 00 00 00 00 00 00 00 00 00
828:01 39 78 117 00 00 00 00 00 00 00 00 00 00 00 00 00
829:01 40 80 120 00 00 00 00 00 00 00 00 00 00 00 00 00
830:01 41 82 123 00 00 00 00 00 00 00 00 00 00 00 00 00
831:01 42 84 126 00 00 00 00 00 00 00 00 00 00 00 00 00
832:01 43 86 129 00 00 00 00 00 00 00 00 00 00 00 00 00
833:01 44 88 132 00 00 00 00 00 00 00 00 00 00 00 00 00
834:01 45 90 135 00 00 00 00 00 00 00 00 00 00 00 00 00
835:01 46 92 138 00 00 00 00 00 00 00 00 00 00 00 00 00
836:01 47 94 141 00 00 00 00 00 00 00 00 00 00 00 00 00
837:01 48 96 144 00 00 00 00 00 00 00 00 00 00 00 00 00
838:01 49 98 147 00 00 00 00 00 00 00 00 00 00 00 00 00
839:01 0 0 0 00 00 00 00 00 00 00 00 00 00 00 00 00
840:01 1 2 1 00 00 00 00 00 00 00 00 00 00 00 00 00
841:01 2 4 2 00 00 00 00 00 00 00 00 00 00 00 00 00
842:01 3 6 3 00 00 00 00 00 00 00 00 00 00 00 00 00
843:01 4 8 4 00 00 00 00 00 00 00 00 00 00 00 00 00
844:01 5 10 5 00 00 00 00 00 00 00 00 00 00 00 00 00
845:01 6 12 6 00 00 00 00 00 00 00 00 00 00 00 00 00
846:01 7 14 7 00 00 00 00 00 00 00 00 00 00 00 00 00
847:01 8 16 8 00 00 00 00 00 00 00 00 00 00 00 00 00
848:01 9 18 9 00 00 00 00 00 00 00 00 00 00 00 00 00
849:01 10 20 10 00 00 00 00 00 00 00 00 00 00 00 00 00
850:01 11 22 11 00 00 00 00 00 00 00 00 00 00 00 00 00
851:01 12 24 12 00 00 00 00 00 00 00 00 00 00 00 00 00
852:01 13 26 13 00 00 00 00 00 00 00 00 00 00 00 00 00
853:01 14 28 14 00 00 00 00 00 00 00 00 00 00 00 00 00
854:01 15 30 15 00 00 00 00 00 00 00 00 00 00 00 00 00
855:01 16 32 16 00 00 00 00 00 00 00 00 00 00 00 00 00
856:01 0 0 0 00 00 00 00 00 00 00 00 00 00 00 00 00
857:01 3 3 1 00 00 00 00 00 00 00 00 00 00 00 00 00
858:01 6 6 2 00 00 00 00 00 00 00 00 00 00 00 00 00
859:01 9 9 3 00 00 00 00 00 00 00 00 00 00 00 00 00
860:01 12 12 4 00 00 00 00 00 00 00 00 00 00 00 00 00
861:01 15 15 5 00 00 00 00 00 00 00 00 00 00 00 00 00
862:01 18 18 6 00 00 00 00 00 00 00 00 00 00 00 00 00
863:01 21 21 7 00 00 00 00 00 00 00 00 00 00 00 00 00
864:01 24 24 8 00 00 00 00 00 00 00 00 00 00 00 00 00
865:01 27 27 9 00 00 00 00 00 00 00 00 00 00 00 00 00
866:01 30 30 10 00 00 00 00 00 00 00 00 00 00 00 00 00
867:01 33 33 11 00 00 00 00 00 00 00 00 00 00 00 00 00
868:01 36 36 12 00 00 00 00 00 00 00 00 00 00 00 00 00
869:01 39 39 13 00 00 00 00 00 00 00 00 00 00 00 00 00
870:01 42 42 14 00 00 00 00 00 00 00 00 00 00 00 00 00
871:01 45 45 15 00 00 00 00 00 00 00 00 00 00 00 00 00
872:01 48 48 16 00 00 00 00 00 00 00 00 00 00 00 00 00
873:01 51 51 17 00 00 00 00 00 00 00 00 00 00 00 00 00
874:01 54 54 18 00 00 00 00 00 00 00 00 00 00 00 00 00
875:01 57 57 19 00 00 00 00 00 00 00 00 00 00 00 00 00
876:01 60 60 20 00 00 00 00 00 00 00 00 00 00 00 00 00
877:01 63 63 21 00 00 00 00 00 00 00 00 00 00 00 00 00
878:01 66 66 22 00 00 00 00 00 00 00 00 00 00 00 00 00
879:01 69 69 23 00 00 00 00 00 00 00 00 00 00 00 00 00
880:01 72 72 24 00 00 00 00 00 00 00 00 00 00 00 00 00
881:01 75 75 25 00 00 00 00 00 00 00 00 00 00 00 00 00
882:01 78 78 26 00 00 00 00 00 00 00 00 00 00 00 00 00
883:01 81 81 27 00 00 00 00 00 00 00 00 00 00 00 00 00
884:01 84 84 28 00 00 00 00 00 00 00 00 00 00 00 00 00
885:01 87 87 29 00 00 00 00 00 00 00 00 00 00 00 00 00
886:01 90 90 30 00 00 00 00 00 00 00 00 00 00 00 00 00
887:01 93 93 31 00 00 00 00 00 00 00 00 00 00 00 00 00
888:01 96 96 32 00 00 00 00 00 00 00 00 00 00 00 00 00
889:01 99 99 33 00 00 00 00 00 00 00 00 00 00 00 00 00
890:01 102 102 34 00 00 00 00 00 00 00 00 00 00 00 00 00
891:01 105 105 35 00 00 00 00 00 00 00 00 00 00 00 00 00
892:01 108 108 36 00 00 00 00 00 00 00 00 00 00 00 00 00
893:01 111 111 37 00 00 00 00 00 00 00 00 00 00 00 00 00
894:01 114 114 38 00 00 00 00 00 00 00 00 00 00 00 00 00
895:01 117 117 39 00 00 00 00 00 00 00 00 00 00 00 00 00
896:01 120 120 40 00 00 00 00 00 00 00 00 00 00 00 00 00
897:01 123 123 41 00 00 00 00 00 00 00 00 00 00 00 00 00
898:01 126 126 42 00 00 00 00 00 00 00 00 00 00 00 00 00
899:01 129 129 43 00 00 00 00 00 00 00 00 00 00 00 00 00
900:01 132 132 44 00 00 00 00 00 00 00 00 00 00 00 00 00
901:01 135 135 45 00 00 00 00 00 00 00 00 00 00 00 00 00
902:01 138 138 46 00 00 00 00 00 00 00 00 00 00 00 00 00
903:01 141 141 47 00 00 00 00 00 00 00 00 00 00 00 00 00
904:01 144 144 48 00 00 00 00 00 00 00 00 00 00 00 00 00
905:01 147 147 49 00 00 00 00 00 00 00 00 00 00 00 00 00
906:01 150 150 50 00 00 00 00 00 00 00 00 00 00 00 00 00
907:01 153 153 51 00 00 00 00 00 00 00 00 00 00 00 00 00
908:01 156 156 52 00 00 00 00 00 00 00 00 00 00 00 00 00
909:01 159 159 53 00 00 00 00 00 00 00 00 00 00 00 00 00
910:01 162 162 54 00 00 00 00 00 00 00 00 00 00 00 00 00
911:01 165 165 55 00 00 00 00 00 00 00 00 00 00 00 00 00
912:01 168 168 56 00 00 00 00 00 00 00 00 00 00 00 00 00
913:01 171 171 57 00 00 00 00 00 00 00 00 00 00 00 00 00
914:01 174 174 58 00 00 00 00 00 00 00 00 00 00 00 00 00
915:01 177 177 59 00 00 00 00 00 00 00 00 00 00 00 00 00
916:01 180 180 60 00 00 00 00 00 00 00 00 00 00 00 00 00
917:01 183 183 61 00 00 00 00 00 00 00 00 00 00 00 00 00
918:01 186 186 62 00 00 00 00 00 00 00 00 00 00 00 00 00
919:01 189 189 63 00 00 00 00 00 00 00 00 00 00 00 00 00
920:01 192 192 64 00 00 00 00 00 00 00 00 00 00 00 00 00
921:01 0 0 0 00 00 00 00 00 00 00 00 00 00 00 00 00
922:01 1 0 2 00 00 00 00 00 00 00 00 00 00 00 00 00
923:01 2 0 4 00 00 00 00 00 00 00 00 00 00 00 00 00
924:01 3 0 6 00 00 00 00 00 00 00 00 00 00 00 00 00
925:01 4 0 8 00 00 00 00 00 00 00 00 00 00 00 00 00
926:01 5 0 10 00 00 00 00 00 00 00 00 00 00 00 00 00
927:01 6 0 12 00 00 00 00 00 00 00 00 00 00 00 00 00
928:01 7 0 14 00 00 00 00 00 00 00 00 00 00 00 00 00
929:01 8 0 16 00 00 00 00 00 00 00 00 00 00 00 00 00
930:01 9 0 18 00 00 00 00 00 00 00 00 00 00 00 00 00
931:01 10 0 20 00 00 00 00 00 00 00 00 00 00 00 00 00
932:01 11 0 22 00 00 00 00 00 00 00 00 00 00 00 00 00
933:01 12 0 24 00 00 00 00 00 00 00 00 00 00 00 00 00
934:01 13 0 26 00 00 00 00 00 00 00 00 00 00 00 00 00
935:01 14 0 28 00 00 00 00 00 00 00 00 00 00 00 00 00
936:01 15 0 30 00 00 00 00 00 00 00 00 00 00 00 00 00
937:01 16 0 32 00 00 00 00 00 00 00 00 00 00 00 00 00
938:01 17 0 34 00 00 00 00 00 00 00 00 00 00 00 00 00
939:01 18 0 36 00 00 00 00 00 00 00 00 00 00 00 00 00
940:01 19 0 38 00 00 00 00 00 00 00 00 00 00 00 00 00
941:01 20 0 40 00 00 00 00 00 00 00 00 00 00 00 00 00
942:01 21 0 42 00 00 00 00 00 00 00 00 00 00 00 00 00
943:01 22 0 44 00 00 00 00 00 00 00 00 00 00 00 00 00
944:01 23 0 46 00 00 00 00 00 00 00 00 00 00 00 00 00
945:01 24 0 48 00 00 00 00 00 00 00 00 00 00 00 00 00
946:01 25 0 50 00 00 00 00 00 00 00 00 00 00 00 00 00
947:01 26 0 52 00 00 00 00 00 00 00 00 00 00 00 00 00
948:01 27 0 54 00 00 00 00 00 00 00 00 00 00 00 00 00
949:01 28 0 56 00 00 00 00 00 00 00 00 00 00 00 00 00
950:01 29 0 58 00 00 00 00 00 00 00 00 00 00 00 00 00
951:01 30 0 60 00 00 00 00 00 00 00 00 00 00 00 00 00
952:01 31 0 62 00 00 00 00 00 00 00 00 00 00 00 00 00
953:01 32 0 64 00 00 00 00 00 00 00 00 00 00 00 00 00
954:01 33 0 66 00 00 00 00 00 00 00 00 00 00 00 00 00
955:01 34 0 68 00 00 00 00 00 00 00 00 00 00 00 00 00
956:01 35 0 70 00 00 00 00 00 00 00 00 00 00 00 00 00
957:01 36 0 72 00 00 00 00 00 00 00 00 00 00 00 00 00
958:01 37 0 74 00 00 00 00 00 00 00 00 00 00 00 00 00
959:01 38 0 76 00 00 00 00 00 00 00 00 00 00 00 00 00
960:01 39 0 78 00 00 00 00 00 00 00 00 00 00 00 00 00
961:01 40 0 80 00 00 00 00 00 00 00 00 00 00 00 00 00
962:01 41 0 82 00 00 00 00 00 00 00 00 00 00 00 00 00
963:01 42 0 84 00 00 00 00 00 00 00 00 00 00 00 00 00
964:01 43 0 86 00 00 00 00 00 00 00 00 00 00 00 00 00
965:01 44 0 88 00 00 00 00 00 00 00 00 00 00 00 00 00
966:01 45 0 90 00 00 00 00 00 00 00 00 00 00 00 00 00
967:01 46 0 92 00 00 00 00 00 00 00 00 00 00 00 00 00
968:01 47 0 94 00 00 00 00 00 00 00 00 00 00 00 00 00
969:01 48 0 96 00 00 00 00 00 00 00 00 00 00 00 00 00
970:01 49 0 98 00 00 00 00 00 00 00 00 00 00 00 00 00
971:01 50 0 100 00 00 00 00 00 00 00 00 00 00 00 00 00
972:01 51 0 102 00 00 00 00 00 00 00 00 00 00 00 00 00
973:01 52 0 104 00 00 00 00 00 00 00 00 00 00 00 00 00
974:01 53 0 106 00 00 00 00 00 00 00 00 00 00 00 00 00
975:01 54 0 108 00 00 00 00 00 00 00 00 00 00 00 00 00
976:01 55 0 110 00 00 00 00 00 00 00 00 00 00 00 00 00
977:01 56 0 112 00 00 00 00 00 00 00 00 00 00 00 00 00
978:01 57 0 114 00 00 00 00 00 00 00 00 00 00 00 00 00
979:01 58 0 116 00 00 00 00 00 00 00 00 00 00 00 00 00
980:01 59 0 118 00 00 00 00 00 00 00 00 00 00 00 00 00
981:01 60 0 120 00 00 00 00 00 00 00 00 00 00 00 00 00
982:01 61 0 122 00 00 00 00 00 00 00 00 00 00 00 00 00
983:01 62 0 124 00 00 00 00 00 00 00 00 00 00 00 00 00
984:01 63 0 126 00 00 00 00 00 00 00 00 00 00 00 00 00
985:01 64 0 128 00 00 00 00 00 00 00 00 00 00 00 00 00
986:01 65 0 130 00 00 00 00 00 00 00 00 00 00 00 00 00
987:01 66 0 132 00 00 00 00 00 00 00 00 00 00 00 00 00
988:01 67 0 134 00 00 00 00 00 00 00 00 00 00 00 00 00
989:01 68 0 136 00 00 00 00 00 00 00 00 00 00 00 00 00
990:01 69 0 138 00 00 00 00 00 00 00 00 00 00 00 00 00
991:01 70 0 140 00 00 00 00 00 00 00 00 00 00 00 00 00
992:01 71 0 142 00 00 00 00 00 00 00 00 00 00 00 00 00
993:01 72 0 144 00 00 00 00 00 00 00 00 00 00 00 00 00
994:01 73 0 146 00 00 00 00 00 00 00 00 00 00 00 00 00
995:01 74 0 148 00 00 00 00 00 00 00 00 00 00 00 00 00
996:01 75 0 150 00 00 00 00 00 00 00 00 00 00 00 00 00
997:01 76 0 152 00 00 00 00 00 00 00 00 00 00 00 00 00
998:01 77 0 154 00 00 00 00 00 00 00 00 00 00 00 00 00
999:01 78 0 156 00 00 00 00 00 00 00 00 00 00 00 00 00
